50.0   0.946415640839971
0.5    0.942070963070239
0.5    0.939898624185373
0.2    0.9377262853005068
60.0   0.9377262853005068
0.9    0.9370021723388848
200.0  0.9362780593772628
20.0   0.9355539464156408
70.0   0.9348298334540188
90.0   0.9348298334540188
0.04   0.9341057204923968
0.6    0.9341057204923968
10.0   0.9333816075307748
0.09   0.9326574945691528
40.0   0.9326574945691528
80.0   0.9319333816075308
300.0  0.9312092686459088
30.0   0.9312092686459088
40.0   0.9312092686459088
0.4    0.9304851556842868
20.0   0.9304851556842868
60.0   0.9304851556842868
90.0   0.9304851556842868
0.02   0.9297610427226647
0.09   0.9290369297610427
70.0   0.9290369297610427
0.6    0.9275887038377987
0.7    0.9275887038377987
0.8    0.9275887038377987
100.0  0.9275887038377987
0.06   0.9268645908761767
0.05   0.9261404779145547
10.0   0.9261404779145547
0.3    0.9254163649529327
0.3    0.9254163649529327
30.0   0.9254163649529327
400.0  0.9254163649529327
50.0   0.9254163649529327
0.08   0.9246922519913107
0.04   0.9239681390296887
0.08   0.9239681390296887
0.2    0.9239681390296887
0.07   0.9232440260680667
0.1    0.9232440260680667
300.0  0.9232440260680667
400.0  0.9232440260680667
0.7    0.9225199131064447
100.0  0.9225199131064447
0.4    0.9210716871832005
0.8    0.9210716871832005
0.02   0.9196234612599565
0.1    0.9196234612599565
0.03   0.9188993482983345
0.05   0.9188993482983345
0.07   0.9174511223750905
80.0   0.9160028964518465
0.03   0.9152787834902245
200.0  0.9152787834902245
0.06   0.9138305575669804
0.01   0.9123823316437364
0.01   0.9109341057204924
0.001  0.9065894279507604
