50.0   0.9232440260680667
200.0  0.9225199131064447
40.0   0.9225199131064447
10.0   0.9217958001448225
40.0   0.9203475742215785
20.0   0.9196234612599565
10.0   0.9188993482983345
20.0   0.9188993482983345
30.0   0.9181752353367125
60.0   0.9181752353367125
50.0   0.9174511223750905
70.0   0.9138305575669804
90.0   0.9138305575669804
100.0  0.9123823316437364
60.0   0.9123823316437364
70.0   0.9123823316437364
80.0   0.9123823316437364
300.0  0.9094858797972484
30.0   0.9080376538740044
400.0  0.9051412020275162
100.0  0.9044170890658942
80.0   0.9044170890658942
300.0  0.9015206372194062
90.0   0.9007965242577842
200.0  0.8971759594496741
400.0  0.8957277335264301
0.9    0.8530050687907313
0.8    0.834902244750181
0.6    0.8305575669804489
0.8    0.8298334540188269
0.7    0.8254887762490949
0.7    0.8240405503258509
0.5    0.8167994207096307
0.5    0.8117306299782766
0.6    0.8066618392469225
0.4    0.8008689355539464
0.4    0.782041998551774
0.3    0.7740767559739319
0.3    0.7711803041274439
0.2    0.7501810282404056
0.2    0.7436640115858074
0.08   0.7255611875452571
0.09   0.724112961622013
0.1    0.7139753801593048
0.1    0.7081824764663287
0.07   0.7052860246198407
0.06   0.7031136857349747
0.09   0.7009413468501087
0.07   0.6994931209268646
0.08   0.6980448950036205
0.04   0.6915278783490224
0.06   0.6842867487328023
0.05   0.6806661839246922
0.03   0.6777697320782042
0.04   0.6734250543084721
0.03   0.6698044895003621
0.05   0.6690803765387401
0.02   0.662563359884142
0.02   0.6386676321506155
0.01   0.6220130340333092
0.01   0.6169442433019551
0.001  0.6147719044170891
