10.0   0.942070963070239
50.0   0.941346850108617
20.0   0.939898624185373
0.9    0.9377262853005068
10.0   0.9362780593772628
40.0   0.9355539464156408
30.0   0.9348298334540188
0.6    0.9341057204923968
0.5    0.9333816075307748
0.8    0.9333816075307748
100.0  0.9333816075307748
0.5    0.9326574945691528
60.0   0.9326574945691528
0.7    0.9290369297610427
40.0   0.9290369297610427
60.0   0.9290369297610427
70.0   0.9283128167994207
0.6    0.9275887038377987
0.7    0.9275887038377987
70.0   0.9275887038377987
100.0  0.9268645908761767
20.0   0.9268645908761767
300.0  0.9268645908761767
80.0   0.9268645908761767
80.0   0.9268645908761767
0.4    0.9254163649529327
200.0  0.9254163649529327
30.0   0.9254163649529327
90.0   0.9254163649529327
90.0   0.9254163649529327
400.0  0.9246922519913107
50.0   0.9246922519913107
0.8    0.9217958001448225
200.0  0.9217958001448225
0.4    0.9203475742215785
300.0  0.9203475742215785
0.2    0.9174511223750905
0.2    0.9167270094134685
0.3    0.9160028964518465
0.09   0.9131064446053584
0.3    0.9131064446053584
400.0  0.9102099927588704
0.08   0.9087617668356264
0.1    0.9065894279507604
0.1    0.9051412020275162
0.09   0.9036929761042722
0.07   0.9022447501810282
0.08   0.8986241853729182
0.07   0.8979000724112962
0.06   0.8957277335264301
0.06   0.8942795076031861
0.04   0.8928312816799421
0.05   0.8870383779869659
0.04   0.8841419261404779
0.05   0.8819695872556119
0.03   0.8761766835626358
0.03   0.8689355539464156
0.02   0.8587979724837075
0.02   0.8486603910209993
0.01   0.7118030412744388
0.01   0.6944243301955105
0.001  0.6133236784938451
